32 32
12 23 0 683799364
12 29 2 1034438560
13 31 8 2050003725
5 30 27 433977315
6 29 18 1678395660
6 24 22 1853586174
3 11 19 1640807614
9 26 0 1508876786
10 26 28 1800281699
16 24 13 690944216
6 30 31 1865598061
0 24 21 2068748089
14 24 0 581189819
4 25 18 981746545
8 20 2 2016003425
11 31 6 1070274465
6 22 17 1832453963
16 27 4 339600375
0 24 15 256944459
2 11 31 1448677682
16 29 0 1729227173
5 19 4 577943390
3 15 16 2020414232
13 29 8 1747282505
16 31 19 1821728635
8 22 0 1618153762
13 29 26 1203962477
16 31 12 1376956200
11 31 2 702723575
1 29 26 47939248
4 22 0 88607122
2 14 18 1685960564
