128 128
25 95 71 847324744
22 59 39 1882934333
29 123 39 254179857
21 119 70 1037122075
29 71 37 2012941017
37 102 76 49068165
30 82 94 3632069286
28 111 36 1846855575
10 57 79 349797404
30 101 15 1756575953
13 84 23 1533958308
20 61 91 3617583114
49 87 62 159262320
33 104 126 3664822996
34 92 14 4087530938
26 71 20 3780413804
27 76 86 3406595293
21 60 2 420779614
18 126 99 3146145984
18 104 104 4286189706
50 95 48 1812731485
21 63 49 4042107700
40 127 110 2627078329
63 107 99 1407231323
26 62 105 3172659474
16 114 52 429954039
32 81 88 435644791
6 65 80 2853793798
28 121 49 3070282869
37 69 6 3185298483
7 48 11 3806822101
5 60 56 3973725140
35 110 90 2998251088
31 113 20 452086457
12 116 43 391276817
9 84 108 743989070
38 119 38 3624113495
32 102 75 3528683917
9 43 123 897380572
43 118 40 3158325478
15 62 24 554040251
34 104 14 683640696
17 119 124 3480651018
3 109 17 277297806
30 125 21 2067866668
64 104 36 2128698401
36 76 6 2534756515
6 88 111 2788049540
54 101 79 3160426183
16 87 57 2552995437
43 124 10 4014777120
37 82 88 383026339
35 67 101 1004512247
33 113 11 3761552282
25 126 63 1749461648
6 90 102 3427540622
60 110 51 4264197917
23 119 51 4047235239
39 71 103 660618426
10 42 11 3947705961
1 101 51 4198759438
12 48 49 3930421105
1 99 110 2210271333
3 121 108 1065557198
48 125 13 2901579055
50 86 44 3380491815
2 84 65 639018049
49 82 120 2507385327
38 121 30 855979039
44 100 51 1548663067
36 73 38 3045193354
45 107 14 2704065479
14 120 9 1771139447
33 97 16 600591374
8 70 86 79839824
18 60 125 1564982704
17 71 124 3680743272
44 120 51 2645618798
8 107 84 1236036241
40 82 118 1990793919
22 94 57 1643509547
23 63 6 3040780840
55 108 107 2260112041
37 76 62 4072341009
0 89 57 3167495950
29 94 20 3863576797
47 86 62 4203553273
12 60 93 3201557210
53 96 112 3493279691
28 63 93 3848227417
64 118 71 2778384542
50 123 53 3718345569
49 114 119 788757331
23 77 48 345209550
6 60 34 3650850956
19 92 96 1509785335
38 122 63 4083118063
60 122 55 208404841
29 95 11 2350999661
21 67 102 2768114987
52 106 14 1494593967
5 79 73 3841553668
26 59 20 2561516787
36 107 32 161042999
14 60 83 4260289489
23 75 33 110337019
5 77 0 742639927
37 121 48 3942749031
44 103 5 2090066120
42 86 45 935038203
25 77 87 3161087311
44 119 121 548300852
23 111 29 2447354919
33 122 89 2570194546
21 97 23 3872640923
51 101 77 1588066375
39 116 109 3341146832
55 126 13 368255371
11 43 25 3293462192
49 101 66 3606247181
56 115 67 2190106037
27 110 29 1869046024
29 91 110 3318047605
49 91 81 70328464
56 94 66 1115441419
53 116 106 2406903403
26 97 26 169005278
29 122 17 763599453
