32 32
2 3 31 3853342372
2 3 1 760244229
4 7 25 3745093093
2 3 6 1954100264
2 3 4 1019423632
4 7 29 3910996754
4 7 13 4177621337
4 7 24 4122670313
2 3 24 418336052
2 3 23 651770473
2 3 26 1836458498
4 7 11 3796273726
2 3 29 1603912651
4 7 19 3529181126
2 3 13 1634147413
2 3 26 2588902966
4 7 7 791792688
2 3 30 4191116295
4 7 3 4175181391
4 7 29 1767409395
4 7 11 2001083384
2 3 5 356811431
4 7 25 2006690430
4 7 0 3038256071
4 7 2 973075552
4 7 1 563220747
4 7 9 3725988528
2 3 5 312270772
2 3 17 1561062401
4 7 16 2528533558
2 3 16 1240631590
2 3 13 3908831365
